	A	B	E	K	M	P	T	U	X	Y
1	16	445	97	412	637	675	366	993	534	388
2	993	126	870	530	509	24	85	958	121	153
3	863	521	513	799	974	95	954	471	830	185
4	896	628	197	611	294	530	679	649	304	661
5	51	413	121	528	390	97	624	778	595	947
6	486	652	645	819	276	114	452	445	308	108
7	913	795	713	180	69	436	335	346	935	304
8	953	482	734	113	981	746	899	314	422	218


9558801208107447201


966666353549984516


6217001460009476267  (XD-jian)兴东
4367421542007305593  (HZ-jian)杭州


5240700103659102            03/23    9102-421(xin)兴   Mastercard   老
5240700498276025            03/32    6025-935(xin)兴   Mastercard   新

4895920318648747            10/23    8747-933(baijian)白金   Visa

6227080441534043            10/27    4043-889   龙卡白金 银联
4835910077417668            10/27    7668-063   龙卡 VISA

6222886210375417            03/22    5417-304 （浙江省农村信用社联合社，义乌农商银行）
